ID_MOVIMIENTO ID_PARTIDA   ID_FICHA POS_INICIAL  POS_FINAL NOTACION     MOVIMIENTO
------------- ---------- ---------- ----------- ---------- ------------ ----------
            1         21          6          11         19 Pc2c3                 1
            2         21         12          52         36 pd7d5++               2
           21         41          6          13         29 Pe2e4                 1
           22         41         12          53         37 pe7e5                 2
           23         41          5           7         22 Cg1f3                 3
           24         41         12          52         44 pd7d6                 4
           25         41          6          12         28 Pd2d4                 5
           26         41          9          59         31 ac8g4                 6
           27         41          6          28         37 Pd4e5xp               7
           28         41          9          31         22 ag4f3xC               8
           29         41          2           4         22 Dd1f3xa               9
           30         41         12          44         37 pd6e5xP              10
           31         41          3           6         27 Af1c4                11
           32         41         11          63         46 cg8f6                12
           33         41          2          22         18 Df3b3                13
           34         41          8          60         53 dd8e7                14
           35         41          5           2         19 Cb1c3                15
           36         41         12          51         43 pc7c6                16
           37         41          3           3         39 Ac1g5                17
           38         41         12          50         34 pb7b5                18
           39         41          3          27         34 Ac4b5xp              19
           40         41         11          58         52 cb8d7                20
           41         41          4           1          4 Ta1d1                21
           42         41         10          57         60 ta8d8                22
           43         41          4           4         52 Td1d7xc              23
           44         41         10          60         52 td8d7xT              24
           45         41          4           8          6 Th1f1                25
           46         41         10          52         44 td7d6                26
           47         41          3          34         43 Ab5c6xp+             27
           49         41          7          61         60 re8d8                28
           51         41          6          14         22 Pf2f3=               29